   1.0000000000000000        5.8999999985098839        0.0000000000000000     
   1.0000000000000000        5.7999999970197678        0.0000000000000000     
   1.0000000000000000        5.6999999955296516        0.0000000000000000     
   1.0000000000000000        5.5999999940395355        0.0000000000000000     
   1.0000000000000000        5.4999999925494194        0.0000000000000000     
   1.0000000000000000        5.3999999910593033        0.0000000000000000     
   1.0000000000000000        5.2999999895691872        0.0000000000000000     
   1.0000000000000000        5.1999999880790710        0.0000000000000000     
   1.0000000000000000        5.0999999865889549        0.0000000000000000     
   1.0000000000000000        4.9999999850988388        0.0000000000000000     
   1.0000000000000000        4.8999999836087227        0.0000000000000000     
   1.0000000000000000        4.7999999821186066        0.0000000000000000     
   1.0000000000000000        4.6999999806284904        0.0000000000000000     
   1.0000000000000000        4.5999999791383743        0.0000000000000000     
   1.0000000000000000        4.4999999776482582        0.0000000000000000     
   1.0000000000000000        4.3999999761581421        0.0000000000000000     
   1.0000000000000000        4.2999999746680260        0.0000000000000000     
   1.0000000000000000        4.1999999731779099        0.0000000000000000     
   1.0000000000000000        4.0999999716877937        0.0000000000000000     
   1.0000000000000000        3.9999999701976776        0.0000000000000000     
   1.0000000000000000        3.8999999687075615        0.0000000000000000     
   1.0000000000000000        3.7999999672174454        0.0000000000000000     
   1.0000000000000000        3.6999999657273293        0.0000000000000000     
   1.0000000000000000        3.5999999642372131        0.0000000000000000     
   1.0000000000000000        3.4999999627470970        0.0000000000000000     
   1.0000000000000000        3.3999999612569809        0.0000000000000000     
   1.0000000000000000        3.2999999597668648        0.0000000000000000     
   1.0000000000000000        3.1999999582767487        0.0000000000000000     
   1.0000000000000000        3.0999999567866325        0.0000000000000000     
   1.0000000000000000        2.9999999552965164        0.0000000000000000     
   1.0000000000000000        2.8999999538064003        0.0000000000000000     
   1.0000000000000000        2.7999999523162842        0.0000000000000000     
   1.0000000000000000        2.6999999508261681        0.0000000000000000     
   1.0000000000000000        2.5999999493360519        0.0000000000000000     
   1.0000000000000000        2.4999999478459358        0.0000000000000000     
   1.0000000000000000        2.3999999463558197        0.0000000000000000     
   1.0000000000000000        2.2999999448657036        0.0000000000000000     
   1.0000000000000000        2.1999999433755875        0.0000000000000000     
   1.0000000000000000        2.0999999418854713        0.0000000000000000     
   1.0000000000000000        1.9999999403953552        0.0000000000000000     
   1.0000000000000000        1.8999999389052391        0.0000000000000000     
   1.0000000000000000        1.7999999374151230        0.0000000000000000     
   1.0000000000000000        1.6999999359250069        0.0000000000000000     
   1.0000000000000000        1.5999999344348907        0.0000000000000000     
   1.0000000000000000        1.4999999329447746        0.0000000000000000     
   1.0000000000000000        1.3999999314546585        0.0000000000000000     
   1.0000000000000000        1.2999999299645424        0.0000000000000000     
   1.0000000000000000        1.1999999284744263        0.0000000000000000     
   1.0000000000000000        1.0999999269843102        0.0000000000000000     
   1.0000000000000000       0.99999992549419403        0.0000000000000000     
   1.0000000000000000       0.89999992400407791        0.0000000000000000     
   1.0000000000000000       0.79999992251396179        0.0000000000000000     
   1.0000000000000000       0.69999992102384567        0.0000000000000000     
   1.0000000000000000       0.59999991953372955        0.0000000000000000     
   1.0000000000000000       0.49999991804361343        0.0000000000000000     
   1.0000000000000000       0.39999991655349731        0.0000000000000000     
   1.0000000000000000       0.29999991506338120        0.0000000000000000     
   1.0000000000000000       0.19999991357326508        0.0000000000000000     
   1.0000000000000000        9.9999912083148956E-002   0.0000000000000000     
   1.0000000000000000       -8.9406967163085938E-008   0.0000000000000000     
   1.0000000000000000      -0.10000009089708328        0.0000000000000000     
   1.0000000000000000      -0.20000009238719940        0.0000000000000000     
   1.0000000000000000      -0.30000009387731552        0.0000000000000000     
   1.0000000000000000      -0.40000009536743164        0.0000000000000000     
   1.0000000000000000      -0.50000009685754776        0.0000000000000000     
   1.0000000000000000      -0.60000009834766388        0.0000000000000000     
   1.0000000000000000      -0.70000009983778000        0.0000000000000000     
   1.0000000000000000      -0.80000010132789612        0.0000000000000000     
   1.0000000000000000      -0.90000010281801224        0.0000000000000000     
   1.0000000000000000       -1.0000001043081284        0.0000000000000000     
   1.0000000000000000       -1.1000001057982445        0.0000000000000000     
   1.0000000000000000       -1.2000001072883606        0.0000000000000000     
   1.0000000000000000       -1.3000001087784767        0.0000000000000000     
   1.0000000000000000       -1.4000001102685928        0.0000000000000000     
   1.0000000000000000       -1.5000001117587090        0.0000000000000000     
   1.0000000000000000       -1.6000001132488251        0.0000000000000000     
   1.0000000000000000       -1.7000001147389412        0.0000000000000000     
   1.0000000000000000       -1.8000001162290573        0.0000000000000000     
   1.0000000000000000       -1.9000001177191734        0.0000000000000000     
   1.0000000000000000       -2.0000001192092896        0.0000000000000000     
   1.0000000000000000       -2.1000001206994057        0.0000000000000000     
   1.0000000000000000       -2.2000001221895218        0.0000000000000000     
   1.0000000000000000       -2.3000001236796379        0.0000000000000000     
   1.0000000000000000       -2.4000001251697540        0.0000000000000000     
   1.0000000000000000       -2.5000001266598701        0.0000000000000000     
   1.0000000000000000       -2.6000001281499863        0.0000000000000000     
   1.0000000000000000       -2.7000001296401024        0.0000000000000000     
   1.0000000000000000       -2.8000001311302185        0.0000000000000000     
   1.0000000000000000       -2.9000001326203346        0.0000000000000000     
   1.0000000000000000       -3.0000001341104507        0.0000000000000000     
   1.0000000000000000       -3.1000001356005669        0.0000000000000000     
   1.0000000000000000       -3.2000001370906830        0.0000000000000000     
   1.0000000000000000       -3.3000001385807991        0.0000000000000000     
   1.0000000000000000       -3.4000001400709152        0.0000000000000000     
   1.0000000000000000       -3.5000001415610313        0.0000000000000000     
   1.0000000000000000       -3.6000001430511475        0.0000000000000000     
   1.0000000000000000       -3.7000001445412636        0.0000000000000000     
   1.0000000000000000       -3.8000001460313797        0.0000000000000000     
   1.0000000000000000       -3.9000001475214958        0.0000000000000000     
   1.0000000000000000       -4.0000001490116119        0.0000000000000000     
